CLA-S01-MAG-HCOR-01: {CLA-S01-DIA-BPM-01-X: 1.1562093383746403, CLA-S02-DIA-BPM-01-X: 0.5829628347429879,
  CLA-C2V-DIA-BPM-01-X: 0.3021695553523022, CLA-S01-DIA-BPM-01-Y: 0.026444937235460056,
  CLA-S02-DIA-BPM-01-Y: -0.06594061419370931, CLA-C2V-DIA-BPM-01-Y: -0.06417328023986342}
CLA-S01-MAG-HCOR-02: {CLA-S01-DIA-BPM-01-X: 0.0578759399323472, CLA-S02-DIA-BPM-01-X: 0.8704685381189143,
  CLA-C2V-DIA-BPM-01-X: 0.5239133536264569, CLA-S01-DIA-BPM-01-Y: -0.01757252029313812,
  CLA-S02-DIA-BPM-01-Y: -0.08064461833524462, CLA-C2V-DIA-BPM-01-Y: -0.15878534389441584}
CLA-S02-MAG-HCOR-01: {CLA-S01-DIA-BPM-01-X: 0.019948789935818077, CLA-S02-DIA-BPM-01-X: -0.007984737853329415,
  CLA-C2V-DIA-BPM-01-X: 3.017587682147287, CLA-S01-DIA-BPM-01-Y: -0.008364189859666443,
  CLA-S02-DIA-BPM-01-Y: -0.011855273526302524, CLA-C2V-DIA-BPM-01-Y: -0.11280212778533083}
CLA-S02-MAG-HCOR-02: {CLA-S01-DIA-BPM-01-X: 0.039680020416704875, CLA-S02-DIA-BPM-01-X: 0.0024044381633051017,
  CLA-C2V-DIA-BPM-01-X: 2.507728269470658, CLA-S01-DIA-BPM-01-Y: 0.01607040129898731,
  CLA-S02-DIA-BPM-01-Y: -0.019836765230646036, CLA-C2V-DIA-BPM-01-Y: -0.13060602429703694}
