CLA-S01-MAG-VCOR-01: {CLA-S01-DIA-BPM-01-X: -0.05700158513435123, CLA-S02-DIA-BPM-01-X: 0.08063734118915818,
  CLA-C2V-DIA-BPM-01-X: 0.09959197487437305, CLA-S01-DIA-BPM-01-Y: 1.066924383818594,
  CLA-S02-DIA-BPM-01-Y: 0.7090465330545923, CLA-C2V-DIA-BPM-01-Y: 0.543928147419515}
CLA-S01-MAG-VCOR-02: {CLA-S01-DIA-BPM-01-X: -0.0005330526471983614, CLA-S02-DIA-BPM-01-X: 0.12945544766597436,
  CLA-C2V-DIA-BPM-01-X: 0.17554388384652567, CLA-S01-DIA-BPM-01-Y: 0.0644386099196358,
  CLA-S02-DIA-BPM-01-Y: 0.9025194247748074, CLA-C2V-DIA-BPM-01-Y: 1.4341582321387187}
CLA-S02-MAG-VCOR-01: {CLA-S01-DIA-BPM-01-X: -0.027206278185240167, CLA-S02-DIA-BPM-01-X: -0.022153611893387295,
  CLA-C2V-DIA-BPM-01-X: -0.09859768203407925, CLA-S01-DIA-BPM-01-Y: -0.040364064439922985,
  CLA-S02-DIA-BPM-01-Y: -0.002209840674396565, CLA-C2V-DIA-BPM-01-Y: 4.795481541118021}
CLA-S02-MAG-VCOR-02: {CLA-S01-DIA-BPM-01-X: -0.020067353563818873, CLA-S02-DIA-BPM-01-X: -0.006969585570699907,
  CLA-C2V-DIA-BPM-01-X: -0.051485102875053985, CLA-S01-DIA-BPM-01-Y: -0.011804449609608095,
  CLA-S02-DIA-BPM-01-Y: 0.004721915916052951, CLA-C2V-DIA-BPM-01-Y: 3.638284997500486}
